Block
56,25,102,30,0,0,255,1,1
Block
56,65,102,30,0,255,255,2,1
Block
56,105,102,30,0,255,0,3,1
Block
168,25,102,30,0,0,255,1,1
Block
168,65,102,30,0,255,255,2,1
Block
168,105,102,30,0,255,0,3,1
Block
280,25,102,30,0,0,255,1,1
Block
280,65,102,30,0,255,255,2,1
Block
280,105,102,30,0,255,0,3,1
Block
392,25,102,30,0,0,255,1,1
Block
392,65,102,30,0,255,255,2,1
Block
392,105,102,30,0,255,0,3,1
Block
504,25,102,30,0,0,255,1,1
Block
504,65,102,30,0,255,255,2,1
Block
504,105,102,30,0,255,0,3,1
Block
616,25,102,30,0,0,255,1,1
Block
616,65,102,30,0,255,255,2,1
Block
616,105,102,30,0,255,0,3,1
Block
728,25,102,30,0,0,255,1,1
Block
728,65,102,30,0,255,255,2,1
Block
728,105,102,30,0,255,0,3,1
Block
840,25,102,30,0,0,255,1,1
Block
840,65,102,30,0,255,255,2,1
Block
840,105,102,30,0,255,0,3,1
Block
952,25,102,30,0,0,255,1,1
Block
952,65,102,30,0,255,255,2,1
Block
952,105,102,30,0,255,0,3,1
Platform
507,715,200,30,255,255,0,12
Ball
25,173,15,255,0,0,-0.78539824,10
